         0
1023454717
1031843325
1036059900
1040231933
1042340220
1044448507
1046556794
1048620541
1049674685
1050728829
1051782973
1052837117
1053891261
1054945405
1055999549
1057009150
1057536222
1058063294
1058590366
1059117438
1059644510
1060171582
1060698654
1061225726
1061752798
1062279870
1062806942
1063334014
1063861086
1064388158
1064915230
1065397759
1065661295
1065924831
1066188367
1066451903
1066715439
1066978975
1067242511
1067506047
1067769583
1068033119
1068296655
1068560191
1068823727
1069087263
1069350799
1069614335
1069877871
1070141407
1070404943
1070668479
1070932015
1071195551
1071459087
1071722623
1071986159
1072249695
1072513231
1072776767
1073040303
1073303839
1073567375
1073786367
1073918135
1074049903
1074181671
1074313439
1074445207
1074576975
1074708743
1074840511
1074972279
1075104047
1075235815
1075367583
1075499351
1075631119
1075762887
1075894655
1076026423
1076158191
1076289959
1076421727
1076553495
1076685263
1076817031
1076948799
1077080567
1077212335
1077344103
1077475871
1077607639
1077739407
1077871175
1078002943
1078134711
1078266479
1078398247
